5000 1.36016
6000 1.350016
7200 1.34013
8640 1.330004
10368 1.260572
12441 1.239242
14929 1.25925
17915 1.259878
21499 1.280727
25798 1.239874
30958 1.271141
37150 1.24
44580 1.619188
53496 1.650815
64195 1.810055
77035 2.109118
92442 2.350772
110930 2.919999
133116 2.710723
159739 2.790021
191687 3.069161
230025 3.109861
276030 3.250098
331236 3.589962
397484 3.8
476981 4.148983
572377 4.119888
686852 4.460718
824223 4.639111
989067 4.549283
1186881 4.669945
1424257 6.220015
1709109 6.940014
2050931 8.209265
2461117 9.679306
2953341 10.149277
